8 20
3 1 221558247
2 3 243356112
6 4 648499329
4 8 947153040
1 7 954357597
5 2 287226829
6 5 387747613
3 4 162358900
3 5 841403956
4 2 929821077
3 8 952892231
6 5 381594999
5 6 409745000
2 6 844726392
1 4 500013994
5 2 599423675
5 2 379067880
7 2 438901361
7 6 89518046
8 6 340075781

3 3
3 1 10
3 2 15
2 1 20

3 6
1 2 10
1 3 5
2 1 5
2 3 7
3 1 15
3 2 12

4 5
1 2 1
1 3 2
3 2 1
2 4 2
3 4 1

5 7
1 3 3
1 4 1
2 1 5
2 5 10
4 2 4
4 5 2
3 4 5

2 1
1 2 1000000000